   0.005484
   0.005489
   0.005493
   0.005497
   0.005501
   0.005505
   0.005509
   0.005513
   0.005518
   0.005521
   0.005525
   0.005529
   0.005533
   0.005537
   0.005541
   0.005544
   0.005548
   0.005552
   0.005555
   0.005559
   0.005562
   0.005566
   0.005569
   0.005573
   0.005576
   0.005579
   0.005583
   0.005586
   0.005589
   0.005592
   0.005595
   0.005598
   0.005601
   0.005604
   0.005607
   0.005610
   0.005613
   0.005616
   0.005619
   0.005622
   0.005625
   0.005627
   0.005630
   0.005633
   0.005635
   0.005638
   0.005641
   0.005643
   0.005646
   0.005648
   0.005651
   0.005653
   0.005655
   0.005658
   0.005660
   0.005662
   0.005665
   0.005667
   0.005669
   0.005671
   0.005673
   0.005675
   0.005678
   0.005680
   0.005682
   0.005684
   0.005686
   0.005688
   0.005690
   0.005691
   0.005693
   0.005695
   0.005697
   0.005699
   0.005700
   0.005702
   0.005704
   0.005706
   0.005707
   0.005709
   0.005711
   0.005712
   0.005714
   0.005715
   0.005717
   0.005718
   0.005720
   0.005721
   0.005723
   0.005724
   0.005725
   0.005727
   0.005728
   0.005729
   0.005731
   0.005732
   0.005733
   0.005734
   0.005736
   0.005737
   0.005738
   0.005739
   0.005740
   0.005741
   0.005743
   0.005744
   0.005745
   0.005746
   0.005747
   0.005748
   0.005749
   0.005750
   0.005751
   0.005752
   0.005753
   0.005753
   0.005754
   0.005755
   0.005756
   0.005757
   0.005758
   0.005758
   0.005759
   0.005760
   0.005761
   0.005762
   0.005762
   0.005763
   0.005764
   0.005764
   0.005765
   0.005766
   0.005766
   0.005767
   0.005768
   0.005768
   0.005769
   0.005769
   0.005770
   0.005771
   0.005771
   0.005772
   0.005772
   0.005773
   0.005773
   0.005774
   0.005774
   0.005775
   0.005775
   0.005776
   0.005776
   0.005776
   0.005777
   0.005777
   0.005778
   0.005778
   0.005778
   0.005779
   0.005779
   0.005780
   0.005780
   0.005780
   0.005781
   0.005781
   0.005781
   0.005782
   0.005782
   0.005782
   0.005782
   0.005783
   0.005783
   0.005783
   0.005784
   0.005784
   0.005784
   0.005784
   0.005785
   0.005785
   0.005785
   0.005785
   0.005785
   0.005786
   0.005786
   0.005786
   0.005786
   0.005786
   0.005787
   0.005787
   0.005787
   0.005787
   0.005787
   0.005788
   0.005788
   0.005788
   0.005788
   0.005788
   0.005788
   0.005789
   0.005789
   0.005789
   0.005789
   0.005789
   0.005789
   0.005790
   0.005790
   0.005790
   0.005790
   0.005790
   0.005790
   0.005790
   0.005791
   0.005791
   0.005791
   0.005791
   0.005791
   0.005791
   0.005792
   0.005792
   0.005792
   0.005792
   0.005792
   0.005792
   0.005792
   0.005793
   0.005793
   0.005793
   0.005793
   0.005793
   0.005793
   0.005794
   0.005794
   0.005794
   0.005794
   0.005794
   0.005794
   0.005795
   0.005795
   0.005795
   0.005795
   0.005795
   0.005796
   0.005796
   0.005796
   0.005796
   0.005796
   0.005797
   0.005797
   0.005797
   0.005797
   0.005797
   0.005798
   0.005798
   0.005798
   0.005798
   0.005799
   0.005799
   0.005799
   0.005799
   0.005800
   0.005800
   0.005800
   0.005801
   0.005801
   0.005801
   0.005802
   0.005802
   0.005802
   0.005802
   0.005803
   0.005803
   0.005803
   0.005804
   0.005804
   0.005805
   0.005805
   0.005805
   0.005806
   0.005806
   0.005807
   0.005807
   0.005807
   0.005808
   0.005808
   0.005809
   0.005809
   0.005810
   0.005810
   0.005810
   0.005811
   0.005811
   0.005812
   0.005812
   0.005813
   0.005813
   0.005814
   0.005815
   0.005815
   0.005816
   0.005816
   0.005817
   0.005817
   0.005818
   0.005819
   0.005819
   0.005820
   0.005820
   0.005821
   0.005822
   0.005822
   0.005823
   0.005824
   0.005824
   0.005825
   0.005826
   0.005827
   0.005827
   0.005828
   0.005829
   0.005830
   0.005830
   0.005831
   0.005832
   0.005833
   0.005833
   0.005834
   0.005835
   0.005836
   0.005837
   0.005838
   0.005839
   0.005839
   0.005840
   0.005841
   0.005842
   0.005843
   0.005844
   0.005845
   0.005846
   0.005847
   0.005848
   0.005849
   0.005850
   0.005851
   0.005852
   0.005853
   0.005854
   0.005855
   0.005856
   0.005857
   0.005858
   0.005860
   0.005861
   0.005862
   0.005863
   0.005864
   0.005865
   0.005866
   0.005868
   0.005869
   0.005870
   0.005871
   0.005873
   0.005874
   0.005875
   0.005876
   0.005878
   0.005879
   0.005880
   0.005882
   0.005883
   0.005884
   0.005886
   0.005887
   0.005888
   0.005890
   0.005891
   0.005893
   0.005894
   0.005896
   0.005897
   0.005899
   0.005900
   0.005901
   0.005903
   0.005905
   0.005906
   0.005908
   0.005909
   0.005911
   0.005912
   0.005914
   0.005916
   0.005917
   0.005919
   0.005921
   0.005922
   0.005924
   0.005926
   0.005927
   0.005929
   0.005931
   0.005932
   0.005934
   0.005936
   0.005938
   0.005940
   0.005941
   0.005943
   0.005945
   0.005947
   0.005949
   0.005951
   0.005952
   0.005954
   0.005956
   0.005958
   0.005960
   0.005962
   0.005964
   0.005966
   0.005968
   0.005970
   0.005972
   0.005974
   0.005976
   0.005978
   0.005980
   0.005982
   0.005984
   0.005986
   0.005989
   0.005991
