0.00985210800
0.00979697609
0.00974410439
0.00969349194
0.00964513969
0.00959904766
0.00955521584
0.00951364422
0.00947433186
0.00943727970
0.00940248775
0.00936995602
0.00933968353
0.00931167221
0.00928592014
0.00926242828
0.00924119568
0.00922222424
0.00920551205
0.00919106007
0.00917886829
0.00916893578
0.00916126442
0.00915585232
0.00915270042
0.00915180779
0.00915317631
0.00915680408
0.00916269207
0.00917084026
0.00918124771
0.00919391632
0.00990847015
0.00984870720
0.00979871178
0.00975848198
0.00972801971
0.00970732403
0.00969639587
0.00969523335
0.00970383835
0.00972220993
0.00975034809
0.00978825378
0.00983592606
0.00989336395
0.00996057034
0.0100375423
0.0101242819
0.0102207880
0.0103270607
0.0104431000
0.0105689068
0.0107044792
0.0108498192
0.0110049267
0.0111697998
0.0113444405
0.0115288477
0.0117230215
0.0119269629
0.0107815304
0.00976180458
0.00976006413
0.00975932407
0.00975958538
0.00976084614
0.00976310825
0.00976636982
0.00977063274
0.00977589607
0.00978215981
0.00978942394
0.00979768944
0.00980695438
0.00981721973
0.00982848644
0.00984075260
0.00985402012
0.00986828804
0.00988355637
0.00989982510
0.00991709423
0.00993536377
0.00995463467
0.00997490501
0.00999617672
0.0100184479
0.0100417204
0.0100659933
0.0100912666
0.0101175404
0.0101448145
0.0101730890
0.0102023640
0.0102326403
0.0108382645
0.0108326664
0.0108272057
0.0108218822
0.0108166971
0.0108116484
0.0108067379
0.0108019648
0.0107973289
0.0107928305
0.0107884703
0.0107842464
0.0107801609
0.0107762127
0.0107724028
0.0107687292
0.0107651930
0.0107617950
0.0107585344
0.0107554111
0.0107524252
0.0107495775
0.0107468662
0.0107442932
0.0107418575
0.0107395592
0.0107373981
0.0107353754
0.0107334890
0.0107317410
0.0107301302
0.0107286568
0.0107273216
0.0107261229
0.0107250624
0.0107241392
0.0107233534
0.0107227049
0.0107221937
0.0107218208
0.0107215853
0.0107214870
0.0107215261
0.0107217026
0.0107220163
0.0107224684
0.0107230577
0.0107237844
0.0107246485
0.0107256498
0.0107267895
0.0107280655
0.0107294798
0.0107310314
0.0107327204
0.0107345476
0.0107365112
0.0107386131
0.0107408524
0.0107432289
0.0107457428
0.0107483950
0.0107511835
0.0107541103
0.0111666126
0.0111579084
0.0111488876
0.0111395502
0.0111298962
0.0111199245
0.0111096363
0.0110990305
0.0110881090
0.0110768700
0.0110653143
0.0110534420
0.0110412521
0.0110287457
0.0110159225
0.0110027828
0.0109893255
0.0109755516
0.0109614611
0.0109470539
0.0109323301
0.0109172888
0.0109019308
0.0108862553
0.0108702641
0.0108539553
0.0108373299
0.0108203869
0.0108031282
0.0107855520
0.0107676592
0.0107494497
0.0107309227
0.0107120790
0.0106929188
0.0106734419
0.0106536474
0.0106335363
0.0106131086
0.0105923643
0.0105713024
0.0105499239
0.0105282288
0.0105062170
0.0104838877
0.0104612417
0.0104382792
0.0104150000
0.0103914032
0.0103674898
0.0103432598
0.0103187132
0.0102938490
0.0102686682
0.0102431707
0.0102173567
0.0101912251
0.0101647768
0.0101380119
0.0101109304
0.0100835314
0.0100558157
0.0100277834
0.0099994335
