0.3817
0.386673
0.391647
0.396623
0.401601
0.40658
0.41156
0.416542
0.421525
0.426509
0.431494
0.436481
0.441468
0.446457
0.451447
0.456438
0.46143
0.466423
0.471416
0.476411
0.481407
0.486403
0.4914
0.496399
0.501398
0.506397
0.511398
0.516399
0.521401
0.526403
0.531406
0.53641
0.541414
0.546419
0.551425
0.556431
0.561438
0.566445
0.571453
0.576461
0.581469
0.586479
0.591488
0.596498
0.601509
0.60652
0.611531
0.616543
0.621555
0.626568
0.63158
0.636594
0.641607
0.646621
0.651635
0.65665
0.661665
0.66668
0.671696
0.676711
0.681728
0.686744
0.691761
0.696777
0.701795
0.706812
0.71183
0.716848
0.721866
0.726884
0.731903
0.736922
0.741941
0.74696
0.751979
0.756999
0.762019
0.767039
0.772059
0.777079
0.7821
0.78712
0.792141
0.797162
0.802183
0.807205
0.812226
0.817248
0.82227
0.827291
0.832313
0.837336
0.842358
0.84738
0.852403
0.857425
0.862448
0.867471
0.872494
0.877517
0.88254
0.887563
0.892586
0.89761
0.902633
0.907657
0.91268
0.917704
0.922728
0.927752
0.932775
0.937799
0.942823
0.947847
0.952872
0.957896
0.96292
0.967944
0.972969
0.977993
0.983017
0.988042
0.993066
0.998091
1.00312
1.00814
1.01316
1.01819
1.02321
1.02824
1.03326
1.03829
1.04331
1.04834
1.05336
1.05839
1.06341
1.06844
1.07346
1.07849
1.08351
1.08853
1.09356
1.09858
1.10361
1.10863
1.11366
1.11868
1.12371
1.12873
1.13376
1.13878
1.14381
1.14883
1.15385
1.15888
1.1639
1.16893
1.17395
1.17898
1.184
1.18902
1.19405
1.19907
1.2041
1.20912
1.21414
1.21917
1.22419
1.22922
1.23424
1.23926
1.24429
1.24931
1.25433
1.25936
1.26438
1.2694
1.27443
1.27945
1.28447
1.2895
1.29452
1.29954
1.30456
1.30959
1.31461
1.31963
1.32465
1.32968
1.3347
1.33972
1.34474
1.34977
1.35479
1.35981
1.36483
1.36985
1.37487
1.3799
1.38492
1.38994
1.39496
1.39998
1.405
1.41002
1.41504
1.42006
1.42508
1.4301
1.43512
1.44014
1.44516
1.45018
1.4552
1.46022
1.46524
1.47026
1.47528
1.4803
1.48532
1.49034
1.49535
1.50037
1.50539
1.51041
1.51543
1.52045
1.52546
1.53048
1.5355
1.54052
1.54553
1.55055
1.55557
1.56058
1.5656
1.57062
1.57563
1.58065
1.58566
1.59068
1.5957
1.60071
1.60573
1.61074
1.61576
1.62077
1.62579
1.6308
1.63581
1.64083
1.64584
1.65086
1.65587
1.66088
1.6659
1.67091
1.67592
1.68094
1.68595
1.69096
1.69597
1.70098
1.706
1.71101
1.71602
1.72103
1.72604
1.73105
1.73606
1.74107
1.74608
1.75109
1.7561
1.76111
1.76612
1.77113
1.77614
1.78115
1.78616
1.79117
1.79617
1.80118
1.80619
1.8112
1.8162
1.82121
1.82622
1.83122
1.83623
1.84124
1.84624
1.85125
1.85625
1.86126
1.86626
1.87127
1.87627
1.88128
1.88628
1.89129
1.89629
1.90129
1.9063
1.9113
1.9163
1.9213
1.92631
1.93131
1.93631
1.94131
1.94631
1.95131
1.95631
1.96131
1.96631
1.97131
1.97631
1.98131
1.98631
1.99131
1.99631
2.00131
2.00631
2.0113
2.0163
2.0213
2.0263
2.03129
2.03629
2.04129
2.04628
2.05128
2.05627
2.06127
2.06626
2.07126
2.07625
2.08125
2.08624
2.09123
2.09623
2.10122
2.10621
2.1112
2.1162
2.12119
2.12618
2.13117
2.13616
2.14115
2.14614
2.15113
2.15612
2.16111
2.1661
2.17109
2.17608
2.18107
2.18605
2.19104
2.19603
2.20101
2.206
2.21099
2.21597
2.22096
2.22594
2.23093
2.23591
2.2409
2.24588
2.25087
2.25585
2.26083
2.26582
2.2708
2.27578
2.28076
2.28574
2.29073
2.29571
2.30069
2.30567
2.31065
2.31563
2.32061
2.32558
2.33056
2.33554
2.34052
2.3455
2.35047
2.35545
2.36043
2.3654
2.37038
2.37535
2.38033
2.3853
2.39028
2.39525
2.40022
2.4052
2.41017
2.41514
2.42012
2.42509
2.43006
2.43503
2.44
2.44497
2.44994
2.45491
2.45988
2.46485
2.46982
2.47479
2.47975
2.48472
2.48969
2.49465
2.49962
