5.84507
5.84466
5.84424
5.8438300000000005
5.84341
5.84299
5.84256
5.84213
5.8417
5.84127
5.84083
5.84039
5.83994
5.8394900000000005
5.83904
5.83859
5.8381300000000005
5.837669999999999
5.8372
5.83673
5.83626
5.83579
5.83531
5.83483
5.834350000000001
5.83386
5.83337
5.83288
5.83239
5.8318900000000005
5.83139
5.8308800000000005
5.83038
5.82987
5.82935
5.8288400000000005
5.82832
5.8278
5.8272699999999995
5.8267500000000005
5.82622
5.82568
5.825150000000001
5.82461
5.82407
5.823530000000001
5.82298
5.82243
5.82188
5.82132
5.82077
5.82021
5.81965
5.81908
5.81851
5.81794
5.8173699999999995
5.8168
5.81622
5.81564
5.815060000000001
5.81447
5.813879999999999
5.813289999999999
5.8126999999999995
5.81211
5.81151
5.81091
5.81031
5.8097
5.8091
5.80849
5.80788
5.807259999999999
5.80665
5.80603
5.80541
5.80479
5.80416
5.80354
5.80291
5.80228
5.80165
5.80101
5.80037
5.79973
5.79909
5.79845
5.7978
5.79716
5.7965100000000005
5.79586
5.7952
5.79455
5.79389
5.79323
5.79257
5.79191
5.791239999999999
5.79058
5.78991
5.78924
5.78857
5.78789
5.7872200000000005
5.78654
5.7858600000000004
5.78518
5.7844999999999995
5.783810000000001
5.78313
5.782439999999999
5.781750000000001
5.78106
5.78037
5.779669999999999
5.778980000000001
5.7782800000000005
5.77758
5.77688
5.77618
5.77548
5.77477
5.77407
5.77336
5.77265
5.77194
5.771229999999999
5.770510000000001
5.7698
5.769080000000001
5.76837
5.76765
5.76693
5.76621
5.76548
5.76476
5.76404
5.76331
5.76258
5.76185
5.76113
5.76039
5.75966
5.758929999999999
5.7581999999999995
5.75746
5.75672
5.75599
5.75525
5.75451
5.75377
5.75303
5.75228
5.75154
5.7508
5.75005
5.7493099999999995
5.7485599999999994
5.74781
5.74706
5.74631
5.74556
5.74481
5.744059999999999
5.74331
5.74255
5.7418000000000005
5.74104
5.74029
5.739529999999999
5.73877
5.73802
5.73726
5.7365
5.73574
5.73498
5.73422
5.73346
5.732690000000001
5.731929999999999
5.73117
5.7304
5.72964
5.72888
5.72811
5.72735
5.72658
5.725809999999999
5.7250499999999995
5.72428
5.72351
5.72274
5.721979999999999
5.72121
5.72044
5.71967
5.7189
5.71813
5.71736
5.71659
5.71582
5.71505
5.7142800000000005
5.713509999999999
5.71274
5.71197
5.7112
5.71043
5.70965
5.708880000000001
5.70811
5.70734
5.70657
5.7058
5.70503
5.70426
5.703480000000001
5.70271
5.70194
5.70117
5.7004
5.69963
5.69886
5.6980900000000005
5.6973199999999995
5.69655
5.69578
5.69501
5.69424
5.69347
5.6927
5.691940000000001
5.69117
5.6904
5.68963
5.6888700000000005
5.6880999999999995
5.68733
5.686570000000001
5.6858
5.68504
5.68427
5.68351
5.68275
5.681979999999999
5.68122
5.68046
5.6797
5.678940000000001
5.678179999999999
5.67742
5.67666
5.6759
5.675140000000001
5.67439
5.67363
5.67287
5.6721200000000005
5.67136
5.670610000000001
5.66986
5.66911
5.66836
5.66761
5.66686
5.666110000000001
5.665360000000001
5.66461
5.663869999999999
5.66312
5.66238
5.66164
5.66089
5.66015
5.65941
5.65867
5.65794
5.6572000000000005
5.65646
5.65573
5.655
5.654260000000001
5.65353
5.6528
5.65207
5.65134
5.65062
5.64989
5.64917
5.64844
5.6477200000000005
5.647
5.64628
5.64556
5.64485
5.64413
5.64342
5.642709999999999
5.641990000000001
5.64128
5.64058
5.63987
5.6391599999999995
5.638459999999999
5.63776
5.63706
5.63636
5.63566
5.6349599999999995
5.63427
5.63357
5.63288
5.63219
5.6315
5.63082
5.630129999999999
5.62945
5.62877
5.628089999999999
5.62741
5.62673
5.62606
5.62538
5.624709999999999
5.62404
5.6233699999999995
5.6227100000000005
5.62204
5.621379999999999
5.62072
5.62006
5.61941
5.6187499999999995
5.6181
5.617450000000001
5.6168
5.61615
5.61551
5.61487
5.614229999999999
5.61359
5.6129500000000005
5.6123199999999995
5.61169
5.61106
5.610429999999999
5.6098
5.60918
5.608560000000001
5.607939999999999
5.60732
5.60671
5.60609
5.60548
5.60488
5.60427
5.60367
5.60307
5.60247
5.60187
5.60128
5.60069
5.6001
5.59951
5.59893
5.59835
5.597770000000001
5.59719
5.59662
5.59605
5.59548
5.59491
5.5943499999999995
5.59379
5.59323
5.59267
5.5921199999999995
5.59157
5.59102
5.59047
5.58993
5.58939
5.58885
5.5883199999999995
5.58779
5.587260000000001
5.58673
5.58621
5.58569
5.585170000000001
5.58466
5.58415
5.58364
5.583130000000001
5.58263
5.58213
5.58163
5.58114
5.58065
5.58016
5.57967
5.5791900000000005
5.57871
5.57824
5.5777600000000005
5.5772900000000005
5.576829999999999
5.57637
5.5759099999999995
5.57545
5.574990000000001
5.57454
5.5741000000000005
5.573650000000001
5.57321
5.57277
5.5723400000000005
5.57191
5.57148
5.57106
5.57064
5.57022
5.5698099999999995
