0.378929810
0.388593994
0.398262543
0.407935516
0.417612885
0.427294617
0.436980774
0.446671295
0.456366211
0.466065521
0.475769196
0.485477295
0.495189758
0.504906647
0.514627930
0.524353577
0.534083557
0.543817993
0.553556824
0.563300049
0.573047668
0.582799622
0.592556030
0.602316772
0.612081909
0.621851501
0.631625427
0.641403748
0.651186462
0.660973572
0.670765076
0.680560974
0.654792297
0.664599365
0.674401245
0.684197937
0.693989380
0.703775635
0.713556641
0.723332520
0.733103088
0.742868530
0.752628723
0.762383728
0.772133484
0.781878052
0.791617432
0.801351562
0.811080505
0.820804260
0.830522766
0.840236084
0.849944153
0.859647095
0.869344788
0.879037231
0.888724487
0.898406555
0.908083374
0.917755066
0.927421448
0.937082703
0.946738708
0.956389465
0.966035095
0.975675476
0.985310608
0.994940552
1.00456531
1.01418488
1.02379919
1.03340833
1.04301221
1.05261096
1.06220447
1.07179272
1.08137573
1.09095361
1.10052625
1.11009375
1.11965601
1.12921301
1.13876477
1.14831140
1.15785278
1.16738904
1.17691992
1.18644580
1.19596631
1.20548169
1.21499182
1.22449670
1.23399646
1.24349097
1.25298022
1.26246436
1.25277295
1.26274573
1.27271826
1.28269055
1.29266248
1.30263428
1.31260583
1.32257715
1.33254810
1.34251892
1.35248950
1.36245984
1.37242993
1.38239978
1.39236938
1.40233875
1.41230786
1.42227673
1.43224536
1.44221375
1.45218188
1.46214990
1.47211755
1.48208496
1.49205212
1.50201904
1.51198584
1.52195227
1.53191846
1.54188452
1.55185022
1.56181567
1.57178101
1.58174597
1.59171082
1.60167529
1.61163965
1.62160364
1.63156750
1.64153101
1.65149438
1.66145752
1.67142029
1.68138293
1.69134534
1.70130737
1.71126929
1.72123096
1.73119238
1.74115344
1.75111438
1.76107507
1.77103552
1.78099573
1.79095569
1.80091541
1.81087488
1.82083411
1.83079309
1.84075183
1.85071033
1.86066858
1.87062659
1.87178430
1.86896375
1.87902527
1.88908459
1.89914148
1.90919604
1.91924841
1.92929846
1.93934607
1.94939148
1.95943457
1.96947534
1.97951379
1.98955005
1.99958386
2.00961536
2.01964465
2.02967163
2.03969617
2.04971875
2.05973877
2.06975635
2.07977173
2.08978491
2.09979565
2.10980420
2.11981030
2.12981421
2.13981567
2.14981494
2.15981201
2.16980664
2.17979907
2.18978906
2.19977661
2.20976221
2.21974536
2.22972607
2.23970459
2.24968066
2.25965454
2.26962622
2.27959546
2.28956250
2.29952710
2.30948950
2.31944946
2.32940723
2.33936255
2.34931567
2.35926660
2.36921509
2.37916113
2.38910522
2.39904663
2.40898608
2.41892310
2.42885767
2.43879004
2.44871997
2.45864771
2.46857324
2.47849634
2.48841724
2.49833569
