0.00584507
0.00584466
0.00584424
0.00584383
0.00584341
0.00584299
0.00584256
0.00584213
0.0058417
0.00584127
0.00584083
0.00584039
0.00583994
0.00583949
0.00583904
0.00583859
0.00583813
0.00583767
0.0058372
0.00583673
0.00583626
0.00583579
0.00583531
0.00583483
0.00583435
0.00583386
0.00583337
0.00583288
0.00583239
0.00583189
0.00583139
0.00583088
0.00583038
0.00582987
0.00582935
0.00582884
0.00582832
0.0058278
0.00582727
0.00582675
0.00582622
0.00582568
0.00582515
0.00582461
0.00582407
0.00582353
0.00582298
0.00582243
0.00582188
0.00582132
0.00582077
0.00582021
0.00581965
0.00581908
0.00581851
0.00581794
0.00581737
0.0058168
0.00581622
0.00581564
0.00581506
0.00581447
0.00581388
0.00581329
0.0058127
0.00581211
0.00581151
0.00581091
0.00581031
0.0058097
0.0058091
0.00580849
0.00580788
0.00580726
0.00580665
0.00580603
0.00580541
0.00580479
0.00580416
0.00580354
0.00580291
0.00580228
0.00580165
0.00580101
0.00580037
0.00579973
0.00579909
0.00579845
0.0057978
0.00579716
0.00579651
0.00579586
0.0057952
0.00579455
0.00579389
0.00579323
0.00579257
0.00579191
0.00579124
0.00579058
0.00578991
0.00578924
0.00578857
0.00578789
0.00578722
0.00578654
0.00578586
0.00578518
0.0057845
0.00578381
0.00578313
0.00578244
0.00578175
0.00578106
0.00578037
0.00577967
0.00577898
0.00577828
0.00577758
0.00577688
0.00577618
0.00577548
0.00577477
0.00577407
0.00577336
0.00577265
0.00577194
0.00577123
0.00577051
0.0057698
0.00576908
0.00576837
0.00576765
0.00576693
0.00576621
0.00576548
0.00576476
0.00576404
0.00576331
0.00576258
0.00576185
0.00576113
0.00576039
0.00575966
0.00575893
0.0057582
0.00575746
0.00575672
0.00575599
0.00575525
0.00575451
0.00575377
0.00575303
0.00575228
0.00575154
0.0057508
0.00575005
0.00574931
0.00574856
0.00574781
0.00574706
0.00574631
0.00574556
0.00574481
0.00574406
0.00574331
0.00574255
0.0057418
0.00574104
0.00574029
0.00573953
0.00573877
0.00573802
0.00573726
0.0057365
0.00573574
0.00573498
0.00573422
0.00573346
0.00573269
0.00573193
0.00573117
0.0057304
0.00572964
0.00572888
0.00572811
0.00572735
0.00572658
0.00572581
0.00572505
0.00572428
0.00572351
0.00572274
0.00572198
0.00572121
0.00572044
0.00571967
0.0057189
0.00571813
0.00571736
0.00571659
0.00571582
0.00571505
0.00571428
0.00571351
0.00571274
0.00571197
0.0057112
0.00571043
0.00570965
0.00570888
0.00570811
0.00570734
0.00570657
0.0057058
0.00570503
0.00570426
0.00570348
0.00570271
0.00570194
0.00570117
0.0057004
0.00569963
0.00569886
0.00569809
0.00569732
0.00569655
0.00569578
0.00569501
0.00569424
0.00569347
0.0056927
0.00569194
0.00569117
0.0056904
0.00568963
0.00568887
0.0056881
0.00568733
0.00568657
0.0056858
0.00568504
0.00568427
0.00568351
0.00568275
0.00568198
0.00568122
0.00568046
0.0056797
0.00567894
0.00567818
0.00567742
0.00567666
0.0056759
0.00567514
0.00567439
0.00567363
0.00567287
0.00567212
0.00567136
0.00567061
0.00566986
0.00566911
0.00566836
0.00566761
0.00566686
0.00566611
0.00566536
0.00566461
0.00566387
0.00566312
0.00566238
0.00566164
0.00566089
0.00566015
0.00565941
0.00565867
0.00565794
0.0056572
0.00565646
0.00565573
0.005655
0.00565426
0.00565353
0.0056528
0.00565207
0.00565134
0.00565062
0.00564989
0.00564917
0.00564844
0.00564772
0.005647
0.00564628
0.00564556
0.00564485
0.00564413
0.00564342
0.00564271
0.00564199
0.00564128
0.00564058
0.00563987
0.00563916
0.00563846
0.00563776
0.00563706
0.00563636
0.00563566
0.00563496
0.00563427
0.00563357
0.00563288
0.00563219
0.0056315
0.00563082
0.00563013
0.00562945
0.00562877
0.00562809
0.00562741
0.00562673
0.00562606
0.00562538
0.00562471
0.00562404
0.00562337
0.00562271
0.00562204
0.00562138
0.00562072
0.00562006
0.00561941
0.00561875
0.0056181
0.00561745
0.0056168
0.00561615
0.00561551
0.00561487
0.00561423
0.00561359
0.00561295
0.00561232
0.00561169
0.00561106
0.00561043
0.0056098
0.00560918
0.00560856
0.00560794
0.00560732
0.00560671
0.00560609
0.00560548
0.00560488
0.00560427
0.00560367
0.00560307
0.00560247
0.00560187
0.00560128
0.00560069
0.0056001
0.00559951
0.00559893
0.00559835
0.00559777
0.00559719
0.00559662
0.00559605
0.00559548
0.00559491
0.00559435
0.00559379
0.00559323
0.00559267
0.00559212
0.00559157
0.00559102
0.00559047
0.00558993
0.00558939
0.00558885
0.00558832
0.00558779
0.00558726
0.00558673
0.00558621
0.00558569
0.00558517
0.00558466
0.00558415
0.00558364
0.00558313
0.00558263
0.00558213
0.00558163
0.00558114
0.00558065
0.00558016
0.00557967
0.00557919
0.00557871
0.00557824
0.00557776
0.00557729
0.00557683
0.00557637
0.00557591
0.00557545
0.00557499
0.00557454
0.0055741
0.00557365
0.00557321
0.00557277
0.00557234
0.00557191
0.00557148
0.00557106
0.00557064
0.00557022
0.00556981
