0.009852108
0.009796976
0.009744104
0.009693492
0.009645140
0.009599048
0.009555216
0.009513644
0.009474332
0.009437280
0.009402488
0.009369956
0.009339684
0.009311672
0.009285920
0.009262428
0.009241196
0.009222224
0.009205512
0.009191060
0.009178868
0.009168936
0.009161264
0.009155852
0.009152700
0.009151808
0.009153176
0.009156804
0.009162692
0.009170840
0.009181248
0.009193916
0.009908470
0.009848707
0.009798712
0.009758482
0.009728020
0.009707324
0.009696396
0.009695233
0.009703838
0.009722210
0.009750348
0.009788254
0.009835926
0.009893364
0.009960570
0.01003754
0.01012428
0.01022079
0.01032706
0.01044310
0.01056891
0.01070448
0.01084982
0.01100493
0.01116980
0.01134444
0.01152885
0.01172302
0.01192696
0.01078153
0.009761805
0.009760064
0.009759324
0.009759585
0.009760846
0.009763108
0.009766370
0.009770633
0.009775896
0.009782160
0.009789424
0.009797689
0.009806954
0.009817220
0.009828486
0.009840753
0.009854020
0.009868288
0.009883556
0.009899825
0.009917094
0.009935364
0.009954635
0.009974905
0.009996177
0.01001845
0.01004172
0.01006599
0.01009127
0.01011754
0.01014481
0.01017309
0.01020236
0.01023264
0.01083826
0.01083267
0.01082721
0.01082188
0.01081670
0.01081165
0.01080674
0.01080196
0.01079733
0.01079283
0.01078847
0.01078425
0.01078016
0.01077621
0.01077240
0.01076873
0.01076519
0.01076180
0.01075853
0.01075541
0.01075243
0.01074958
0.01074687
0.01074429
0.01074186
0.01073956
0.01073740
0.01073538
0.01073349
0.01073174
0.01073013
0.01072866
0.01072732
0.01072612
0.01072506
0.01072414
0.01072335
0.01072270
0.01072219
0.01072182
0.01072159
0.01072149
0.01072153
0.01072170
0.01072202
0.01072247
0.01072306
0.01072378
0.01072465
0.01072565
0.01072679
0.01072807
0.01072948
0.01073103
0.01073272
0.01073455
0.01073651
0.01073861
0.01074085
0.01074323
0.01074574
0.01074839
0.01075118
0.01075411
0.01116661
0.01115791
0.01114889
0.01113955
0.01112990
0.01111992
0.01110964
0.01109903
0.01108811
0.01107687
0.01106531
0.01105344
0.01104125
0.01102875
0.01101592
0.01100278
0.01098933
0.01097555
0.01096146
0.01094705
0.01093233
0.01091729
0.01090193
0.01088626
0.01087026
0.01085396
0.01083733
0.01082039
0.01080313
0.01078555
0.01076766
0.01074945
0.01073092
0.01071208
0.01069292
0.01067344
0.01065365
0.01063354
0.01061311
0.01059236
0.01057130
0.01054992
0.01052823
0.01050622
0.01048389
0.01046124
0.01043828
0.01041500
0.01039140
0.01036749
0.01034326
0.01031871
0.01029385
0.01026867
0.01024317
0.01021736
0.01019123
0.01016478
0.01013801
0.01011093
0.01008353
0.01005582
0.01002778
0.00999943
