    1	0.3817
    2	0.386673
    3	0.391647
    4	0.396623
    5	0.401601
    6	0.40658
    7	0.41156
    8	0.416542
    9	0.421525
   10	0.426509
   11	0.431494
   12	0.436481
   13	0.441468
   14	0.446457
   15	0.451447
   16	0.456438
   17	0.46143
   18	0.466423
   19	0.471416
   20	0.476411
   21	0.481407
   22	0.486403
   23	0.4914
   24	0.496399
   25	0.501398
   26	0.506397
   27	0.511398
   28	0.516399
   29	0.521401
   30	0.526403
   31	0.531406
   32	0.53641
   33	0.541414
   34	0.546419
   35	0.551425
   36	0.556431
   37	0.561438
   38	0.566445
   39	0.571453
   40	0.576461
   41	0.581469
   42	0.586479
   43	0.591488
   44	0.596498
   45	0.601509
   46	0.60652
   47	0.611531
   48	0.616543
   49	0.621555
   50	0.626568
   51	0.63158
   52	0.636594
   53	0.641607
   54	0.646621
   55	0.651635
   56	0.65665
   57	0.661665
   58	0.66668
   59	0.671696
   60	0.676711
   61	0.681728
   62	0.686744
   63	0.691761
   64	0.696777
   65	0.701795
   66	0.706812
   67	0.71183
   68	0.716848
   69	0.721866
   70	0.726884
   71	0.731903
   72	0.736922
   73	0.741941
   74	0.74696
   75	0.751979
   76	0.756999
   77	0.762019
   78	0.767039
   79	0.772059
   80	0.777079
   81	0.7821
   82	0.78712
   83	0.792141
   84	0.797162
   85	0.802183
   86	0.807205
   87	0.812226
   88	0.817248
   89	0.82227
   90	0.827291
   91	0.832313
   92	0.837336
   93	0.842358
   94	0.84738
   95	0.852403
   96	0.857425
   97	0.862448
   98	0.867471
   99	0.872494
  100	0.877517
  101	0.88254
  102	0.887563
  103	0.892586
  104	0.89761
  105	0.902633
  106	0.907657
  107	0.91268
  108	0.917704
  109	0.922728
  110	0.927752
  111	0.932775
  112	0.937799
  113	0.942823
  114	0.947847
  115	0.952872
  116	0.957896
  117	0.96292
  118	0.967944
  119	0.972969
  120	0.977993
  121	0.983017
  122	0.988042
  123	0.993066
  124	0.998091
  125	1.00312
  126	1.00814
  127	1.01316
  128	1.01819
  129	1.02321
  130	1.02824
  131	1.03326
  132	1.03829
  133	1.04331
  134	1.04834
  135	1.05336
  136	1.05839
  137	1.06341
  138	1.06844
  139	1.07346
  140	1.07849
  141	1.08351
  142	1.08853
  143	1.09356
  144	1.09858
  145	1.10361
  146	1.10863
  147	1.11366
  148	1.11868
  149	1.12371
  150	1.12873
  151	1.13376
  152	1.13878
  153	1.14381
  154	1.14883
  155	1.15385
  156	1.15888
  157	1.1639
  158	1.16893
  159	1.17395
  160	1.17898
  161	1.184
  162	1.18902
  163	1.19405
  164	1.19907
  165	1.2041
  166	1.20912
  167	1.21414
  168	1.21917
  169	1.22419
  170	1.22922
  171	1.23424
  172	1.23926
  173	1.24429
  174	1.24931
  175	1.25433
  176	1.25936
  177	1.26438
  178	1.2694
  179	1.27443
  180	1.27945
  181	1.28447
  182	1.2895
  183	1.29452
  184	1.29954
  185	1.30456
  186	1.30959
  187	1.31461
  188	1.31963
  189	1.32465
  190	1.32968
  191	1.3347
  192	1.33972
  193	1.34474
  194	1.34977
  195	1.35479
  196	1.35981
  197	1.36483
  198	1.36985
  199	1.37487
  200	1.3799
  201	1.38492
  202	1.38994
  203	1.39496
  204	1.39998
  205	1.405
  206	1.41002
  207	1.41504
  208	1.42006
  209	1.42508
  210	1.4301
  211	1.43512
  212	1.44014
  213	1.44516
  214	1.45018
  215	1.4552
  216	1.46022
  217	1.46524
  218	1.47026
  219	1.47528
  220	1.4803
  221	1.48532
  222	1.49034
  223	1.49535
  224	1.50037
  225	1.50539
  226	1.51041
  227	1.51543
  228	1.52045
  229	1.52546
  230	1.53048
  231	1.5355
  232	1.54052
  233	1.54553
  234	1.55055
  235	1.55557
  236	1.56058
  237	1.5656
  238	1.57062
  239	1.57563
  240	1.58065
  241	1.58566
  242	1.59068
  243	1.5957
  244	1.60071
  245	1.60573
  246	1.61074
  247	1.61576
  248	1.62077
  249	1.62579
  250	1.6308
  251	1.63581
  252	1.64083
  253	1.64584
  254	1.65086
  255	1.65587
  256	1.66088
  257	1.6659
  258	1.67091
  259	1.67592
  260	1.68094
  261	1.68595
  262	1.69096
  263	1.69597
  264	1.70098
  265	1.706
  266	1.71101
  267	1.71602
  268	1.72103
  269	1.72604
  270	1.73105
  271	1.73606
  272	1.74107
  273	1.74608
  274	1.75109
  275	1.7561
  276	1.76111
  277	1.76612
  278	1.77113
  279	1.77614
  280	1.78115
  281	1.78616
  282	1.79117
  283	1.79617
  284	1.80118
  285	1.80619
  286	1.8112
  287	1.8162
  288	1.82121
  289	1.82622
  290	1.83122
  291	1.83623
  292	1.84124
  293	1.84624
  294	1.85125
  295	1.85625
  296	1.86126
  297	1.86626
  298	1.87127
  299	1.87627
  300	1.88128
  301	1.88628
  302	1.89129
  303	1.89629
  304	1.90129
  305	1.9063
  306	1.9113
  307	1.9163
  308	1.9213
  309	1.92631
  310	1.93131
  311	1.93631
  312	1.94131
  313	1.94631
  314	1.95131
  315	1.95631
  316	1.96131
  317	1.96631
  318	1.97131
  319	1.97631
  320	1.98131
  321	1.98631
  322	1.99131
  323	1.99631
  324	2.00131
  325	2.00631
  326	2.0113
  327	2.0163
  328	2.0213
  329	2.0263
  330	2.03129
  331	2.03629
  332	2.04129
  333	2.04628
  334	2.05128
  335	2.05627
  336	2.06127
  337	2.06626
  338	2.07126
  339	2.07625
  340	2.08125
  341	2.08624
  342	2.09123
  343	2.09623
  344	2.10122
  345	2.10621
  346	2.1112
  347	2.1162
  348	2.12119
  349	2.12618
  350	2.13117
  351	2.13616
  352	2.14115
  353	2.14614
  354	2.15113
  355	2.15612
  356	2.16111
  357	2.1661
  358	2.17109
  359	2.17608
  360	2.18107
  361	2.18605
  362	2.19104
  363	2.19603
  364	2.20101
  365	2.206
  366	2.21099
  367	2.21597
  368	2.22096
  369	2.22594
  370	2.23093
  371	2.23591
  372	2.2409
  373	2.24588
  374	2.25087
  375	2.25585
  376	2.26083
  377	2.26582
  378	2.2708
  379	2.27578
  380	2.28076
  381	2.28574
  382	2.29073
  383	2.29571
  384	2.30069
  385	2.30567
  386	2.31065
  387	2.31563
  388	2.32061
  389	2.32558
  390	2.33056
  391	2.33554
  392	2.34052
  393	2.3455
  394	2.35047
  395	2.35545
  396	2.36043
  397	2.3654
  398	2.37038
  399	2.37535
  400	2.38033
  401	2.3853
  402	2.39028
  403	2.39525
  404	2.40022
  405	2.4052
  406	2.41017
  407	2.41514
  408	2.42012
  409	2.42509
  410	2.43006
  411	2.43503
  412	2.44
  413	2.44497
  414	2.44994
  415	2.45491
  416	2.45988
  417	2.46485
  418	2.46982
  419	2.47479
  420	2.47975
  421	2.48472
  422	2.48969
  423	2.49465
  424	2.49962
