   0.346300
   0.351308
   0.356317
   0.361326
   0.366334
   0.371343
   0.376352
   0.381360
   0.386369
   0.391378
   0.396386
   0.401395
   0.406404
   0.411412
   0.416421
   0.421430
   0.426438
   0.431447
   0.436456
   0.441464
   0.446473
   0.451482
   0.456490
   0.461499
   0.466508
   0.471516
   0.476525
   0.481534
   0.486542
   0.491551
   0.496560
   0.501568
   0.506577
   0.511586
   0.516594
   0.521603
   0.526612
   0.531620
   0.536629
   0.541638
   0.546646
   0.551655
   0.556664
   0.561672
   0.566681
   0.571690
   0.576698
   0.581707
   0.586716
   0.591725
   0.596733
   0.601742
   0.606750
   0.611759
   0.616768
   0.621776
   0.626785
   0.631794
   0.636802
   0.641811
   0.646820
   0.651828
   0.656837
   0.661846
   0.666855
   0.671863
   0.676872
   0.681880
   0.686889
   0.691898
   0.696907
   0.701915
   0.706924
   0.711933
   0.716941
   0.721950
   0.726959
   0.731967
   0.736976
   0.741985
   0.746993
   0.752002
   0.757011
   0.762019
   0.767028
   0.772036
   0.777045
   0.782054
   0.787063
   0.792071
   0.797080
   0.802089
   0.807097
   0.812106
   0.817115
   0.822123
   0.827132
   0.832141
   0.837149
   0.842158
   0.847166
   0.852175
   0.857184
   0.862193
   0.867201
   0.872210
   0.877219
   0.882227
   0.887236
   0.892245
   0.897253
   0.902262
   0.907271
   0.912279
   0.917288
   0.922297
   0.927305
   0.932314
   0.937323
   0.942331
   0.947340
   0.952349
   0.957357
   0.962366
   0.967375
   0.972383
   0.977392
   0.982401
   0.987409
   0.992418
   0.997427
   1.002435
   1.007444
   1.012453
   1.017461
   1.022470
   1.027479
   1.032487
   1.037496
   1.042505
   1.047513
   1.052522
   1.057531
   1.062539
   1.067548
   1.072557
   1.077565
   1.082574
   1.087583
   1.092591
   1.097600
   1.102609
   1.107617
   1.112626
   1.117635
   1.122643
   1.127652
   1.132661
   1.137669
   1.142678
   1.147687
   1.152695
   1.157704
   1.162713
   1.167721
   1.172730
   1.177739
   1.182747
   1.187756
   1.192765
   1.197773
   1.202782
   1.207791
   1.212799
   1.217808
   1.222817
   1.227826
   1.232834
   1.237843
   1.242852
   1.247860
   1.252869
   1.257877
   1.262886
   1.267895
   1.272904
   1.277912
   1.282921
   1.287930
   1.292938
   1.297947
   1.302956
   1.307964
   1.312973
   1.317981
   1.322990
   1.327999
   1.333008
   1.338016
   1.343025
   1.348034
   1.353042
   1.358051
   1.363060
   1.368068
   1.373077
   1.378086
   1.383094
   1.388103
   1.393112
   1.398120
   1.403129
   1.408138
   1.413146
   1.418155
   1.423164
   1.428172
   1.433181
   1.438190
   1.443198
   1.448207
   1.453216
   1.458224
   1.463233
   1.468242
   1.473250
   1.478259
   1.483268
   1.488276
   1.493285
   1.498294
   1.503302
   1.508311
   1.513320
   1.518328
   1.523337
   1.528346
   1.533355
   1.538363
   1.543372
   1.548380
   1.553389
   1.558398
   1.563406
   1.568415
   1.573424
   1.578432
   1.583441
   1.588450
   1.593459
   1.598467
   1.603476
   1.608484
   1.613493
   1.618502
   1.623510
   1.628519
   1.633528
   1.638536
   1.643545
   1.648554
   1.653562
   1.658571
   1.663580
   1.668588
   1.673597
   1.678606
   1.683614
   1.688623
   1.693632
   1.698640
   1.703649
   1.708658
   1.713667
   1.718675
   1.723684
   1.728692
   1.733701
   1.738710
   1.743719
   1.748727
   1.753736
   1.758744
   1.763753
   1.768762
   1.773770
   1.778779
   1.783788
   1.788796
   1.793805
   1.798814
   1.803823
   1.808831
   1.813840
   1.818849
   1.823857
   1.828866
   1.833875
   1.838883
   1.843892
   1.848901
   1.853909
   1.858918
   1.863927
   1.868935
   1.873944
   1.878953
   1.883961
   1.888970
   1.893979
   1.898987
   1.903996
   1.909005
   1.914013
   1.919022
   1.924031
   1.929039
   1.934048
   1.939057
   1.944065
   1.949074
   1.954082
   1.959091
   1.964100
   1.969109
   1.974117
   1.979126
   1.984135
   1.989143
   1.994152
   1.999161
   2.004169
   2.009178
   2.014187
   2.019195
   2.024204
   2.029213
   2.034221
   2.039230
   2.044239
   2.049247
   2.054256
   2.059265
   2.064273
   2.069282
   2.074291
   2.079299
   2.084308
   2.089317
   2.094326
   2.099334
   2.104343
   2.109352
   2.114360
   2.119369
   2.124378
   2.129386
   2.134395
   2.139403
   2.144412
   2.149421
   2.154429
   2.159438
   2.164447
   2.169455
   2.174464
   2.179473
   2.184481
   2.189490
   2.194499
   2.199507
   2.204516
   2.209525
   2.214533
   2.219542
   2.224551
   2.229560
   2.234568
   2.239577
   2.244586
   2.249594
   2.254603
   2.259612
   2.264620
   2.269629
   2.274638
   2.279646
   2.284655
   2.289664
   2.294672
   2.299681
   2.304690
   2.309699
   2.314707
   2.319715
   2.324724
   2.329733
   2.334741
   2.339750
   2.344759
   2.349768
   2.354776
   2.359785
   2.364794
   2.369802
   2.374811
   2.379820
   2.384828
   2.389837
   2.394845
   2.399854
   2.404863
   2.409872
   2.414880
   2.419889
   2.424898
   2.429906
   2.434915
   2.439923
   2.444932
   2.449941
   2.454949
   2.459958
   2.464967
   2.469975
   2.474984
   2.479993
   2.485002
   2.490010
   2.495019
   2.500028
   2.505036
