0.3659298
0.3755940
0.3852625
0.3949355
0.4046129
0.4142946
0.4239808
0.4336713
0.4433662
0.4530655
0.4627692
0.4724773
0.4821898
0.4919066
0.5016279
0.5113535
0.5210836
0.5308180
0.5405568
0.5503000
0.5600477
0.5697996
0.5795560
0.5893168
0.5990819
0.6088515
0.6186254
0.6284037
0.6381865
0.6479736
0.6577651
0.6675610
0.6547923
0.6645994
0.6744012
0.6841979
0.6939894
0.7037756
0.7135566
0.7233325
0.7331031
0.7428685
0.7526287
0.7623837
0.7721335
0.7818781
0.7916174
0.8013516
0.8110805
0.8208043
0.8305228
0.8402361
0.8499442
0.8596471
0.8693448
0.8790372
0.8887245
0.8984066
0.9080834
0.9177551
0.9274214
0.9370827
0.9467387
0.9563895
0.9660351
0.9756755
0.9853106
0.9949406
1.004565
1.014185
1.023799
1.033408
1.043012
1.052611
1.062204
1.071793
1.081376
1.090954
1.100526
1.110094
1.119656
1.129213
1.138765
1.148311
1.157853
1.167389
1.176920
1.186446
1.195966
1.205482
1.214992
1.224497
1.233996
1.243491
1.252980
1.262464
1.252773
1.262746
1.272718
1.282691
1.292662
1.302634
1.312606
1.322577
1.332548
1.342519
1.352490
1.362460
1.372430
1.382400
1.392369
1.402339
1.412308
1.422277
1.432245
1.442214
1.452182
1.462150
1.472118
1.482085
1.492052
1.502019
1.511986
1.521952
1.531918
1.541885
1.551850
1.561816
1.571781
1.581746
1.591711
1.601675
1.611640
1.621604
1.631568
1.641531
1.651494
1.661458
1.671420
1.681383
1.691345
1.701307
1.711269
1.721231
1.731192
1.741153
1.751114
1.761075
1.771036
1.780996
1.790956
1.800915
1.810875
1.820834
1.830793
1.840752
1.850710
1.860669
1.870627
1.871784
1.865964
1.876025
1.886085
1.896141
1.906196
1.916248
1.926298
1.936346
1.946391
1.956435
1.966475
1.976514
1.986550
1.996584
2.006615
2.016645
2.026672
2.036696
2.046719
2.056739
2.066756
2.076772
2.086785
2.096796
2.106804
2.116810
2.126814
2.136816
2.146815
2.156812
2.166807
2.176799
2.186789
2.196777
2.206762
2.216745
2.226726
2.236705
2.246681
2.256655
2.266626
2.276595
2.286562
2.296527
2.306490
2.316449
2.326407
2.336363
2.346316
2.356267
2.366215
2.376161
2.386105
2.396047
2.405986
2.415923
2.425858
2.435790
2.445720
2.455648
2.465573
2.475496
2.485417
2.495336
