381.69965
386.67271
391.64729
396.62334999999996
401.60088
406.57981
411.56009
416.54169
421.52457
426.50871
431.49406
436.48058000000003
441.46825
446.45702
451.44686
456.43773999999996
461.42963
466.42251
471.41632
476.41106
481.40669
486.40316
491.40047999999996
496.39861
501.39752000000004
506.39721000000003
511.39762
516.3987500000001
521.40055
526.40305
531.40618
536.40994
541.41435
546.4193
551.4248699999999
556.43098
561.43765
566.44483
571.45254
576.46076
581.46944
586.4785999999999
591.48825
596.49831
601.50882
606.51976
611.53111
616.5428499999999
621.55499
626.5675000000001
631.5803800000001
636.59361
641.6072
646.6211400000001
651.6354
656.6499799999999
661.66488
666.6801
671.6955999999999
676.71142
681.7275099999999
686.7438900000001
691.76054
696.7774599999999
701.79463
706.81204
711.82971
716.84763
721.86576
726.88414
731.90274
736.92155
741.94055
746.9598
751.9792199999999
756.99885
762.01866
767.0386599999999
772.05885
777.07919
782.09972
787.1204200000001
792.14126
797.16228
802.18346
807.20477
812.2262300000001
817.24783
822.26957
827.29144
832.31346
837.3355799999999
842.3578200000001
847.3802000000001
852.4026799999999
857.4252700000001
862.44798
867.4707900000001
872.4937
877.51671
882.53981
887.5630100000001
892.58629
897.60966
902.63312
907.6566499999999
912.68026
917.70394
922.7276899999999
927.75152
932.7754
937.79935
942.82336
947.84743
952.8715599999999
957.89573
962.91995
967.94423
972.96854
977.9929000000001
983.0173
988.04172
993.06619
998.09069
1003.11522
1008.1397800000001
1013.16436
1018.1889799999999
1023.21361
1028.2382599999999
1033.26291
1038.28759
1043.31227
1048.33696
1053.36169
1058.3864
1063.41111
1068.4358300000001
1073.46053
1078.48525
1083.50998
1088.53467
1093.55936
1098.5840600000001
1103.60873
1108.63339
1113.6580199999999
1118.68265
1123.70726
1128.73183
1133.7564
1138.7809300000001
1143.80541
1148.82991
1153.85436
1158.8787599999998
1163.90313
1168.92747
1173.95177
1178.97605
1184.00027
1189.0244500000001
1194.0485700000002
1199.07267
1204.0967
1209.12069
1214.14463
1219.16852
1224.19234
1229.21611
1234.2398400000002
1239.26348
1244.28709
1249.31059
1254.33406
1259.3574700000001
1264.38078
1269.40404
1274.42723
1279.45036
1284.4734
1289.4963699999998
1294.51926
1299.54206
1304.56479
1309.58744
1314.6100000000001
1319.63247
1324.65486
1329.6771700000002
1334.69938
1339.72152
1344.7435400000002
1349.76548
1354.78732
1359.8090599999998
1364.83071
1369.8522600000001
1374.8736999999999
1379.89505
1384.91627
1389.93741
1394.95843
1399.9793599999998
1405.00017
1410.02087
1415.04144
1420.0619000000002
1425.08226
1430.10251
1435.1226299999998
1440.14263
1445.16248
1450.1822399999999
1455.2018799999998
1460.22138
1465.24077
1470.26001
1475.27914
1480.29813
1485.3169799999998
1490.33571
1495.35431
1500.37276
1505.39108
1510.4092600000001
1515.42729
1520.4451800000002
1525.46294
1530.4805399999998
1535.49801
1540.5153300000002
1545.53249
1550.5495199999998
1555.56637
1560.5830999999998
1565.5996599999999
1570.61606
1575.63233
1580.6484
1585.6643399999998
1590.68012
1595.69572
1600.71118
1605.72646
1610.7415899999999
1615.75654
1620.77133
1625.7859400000002
1630.8004
1635.81467
1640.8287699999998
1645.84268
1650.85645
1655.87002
1660.8834100000001
1665.89664
1670.90968
1675.92254
1680.93522
1685.9476900000002
1690.95999
1695.9721000000002
1700.98403
1705.99578
1711.00732
1716.01867
1721.02983
1726.04079
1731.05157
1736.06213
1741.07252
1746.0827000000002
1751.09267
1756.1024400000001
1761.11201
1766.1213899999998
1771.1305399999999
1776.13948
1781.14824
1786.1567599999998
1791.1651
1796.1732
1801.18109
1806.18879
1811.19626
1816.2035
1821.21053
1826.2173500000001
1831.22394
1836.23031
1841.23645
1846.24237
1851.2480899999998
1856.25355
1861.2587899999999
1866.26382
1871.2686
1876.2731399999998
1881.27747
1886.2815500000002
1891.28541
1896.28902
1901.2924
1906.2955399999998
1911.29843
1916.30108
1921.30351
1926.3056700000002
1931.3075900000001
1936.3092900000001
1941.31071
1946.3119
1951.31283
1956.3135
1961.31394
1966.31412
1971.31405
1976.3137
1981.31311
1986.3122799999999
1991.31116
1996.30979
2001.3081599999998
2006.30627
2011.3041100000003
2016.3017
2021.29901
2026.2960400000002
2031.2928299999999
2036.2893299999998
2041.28554
2046.28152
2051.2772099999997
2056.27261
2061.26774
2066.2626099999998
2071.2572
2076.25149
2081.24551
2086.23925
2091.2327
2096.22586
2101.21876
2106.21135
2111.20367
2116.1956800000003
2121.18743
2126.17886
2131.17001
2136.16086
2141.15143
2146.14167
2151.13164
2156.12132
2161.1106699999996
2166.09974
2171.08851
2176.07696
2181.0651199999998
2186.05297
2191.04052
2196.0277499999997
2201.01468
2206.0013
2210.9875899999997
2215.97359
2220.95927
2225.9446199999998
2230.92967
2235.9144
2240.89882
2245.8829100000003
2250.86668
2255.85012
2260.83326
2265.81606
2270.79854
2275.78069
2280.76249
2285.74399
2290.72515
2295.70599
2300.68649
2305.66666
2310.64648
2315.62597
2320.60515
2325.58394
2330.56243
2335.54056
2340.51838
2345.49583
2350.47293
2355.4496999999997
2360.4261100000003
2365.4021799999996
2370.3779
2375.35327
2380.32829
2385.30296
2390.27728
2395.25123
2400.22483
2405.19809
2410.1709800000003
2415.14351
2420.11568
2425.08748
2430.05893
2435.0300100000004
2440.0007299999997
2444.97109
2449.94106
2454.9106699999998
2459.87993
2464.8487999999998
2469.8172999999997
2474.78543
2479.7531799999997
2484.7205799999997
2489.68755
2494.6542
2499.62044
