    1	      0.78898290    0.01488605
    2	      0.79942762    0.01487251
    3	      0.80987236    0.01485902
    4	      0.82031711    0.01484558
    5	      0.83076185    0.01483219
    6	      0.84120659    0.01481884
    7	      0.85165130    0.01480554
    8	      0.86209597    0.01479229
    9	      0.87254059    0.01477909
   10	      0.88298515    0.01476594
   11	      0.89342964    0.01475283
   12	      0.90387404    0.01473977
   13	      0.91431835    0.01472677
   14	      0.92476255    0.01471381
   15	      0.93520663    0.01470090
   16	      0.94565058    0.01468804
   17	      0.95609439    0.01467522
   18	      0.96653805    0.01466246
   19	      0.97698155    0.01464975
   20	      0.98742487    0.01463709
   21	      0.99786801    0.01462447
   22	      1.00831095    0.01461191
   23	      1.01875369    0.01459940
   24	      1.02919621    0.01458694
   25	      1.03963850    0.01457453
   26	      1.05008056    0.01456217
   27	      1.06052237    0.01454986
   28	      1.07096391    0.01453760
   29	      1.08140519    0.01452539
   30	      1.09184619    0.01451324
   31	      1.10228690    0.01450113
   32	      1.11272731    0.01448908
   33	      1.12316741    0.01447708
   34	      1.13360719    0.01446513
   35	      1.14404664    0.01445323
   36	      1.15448576    0.01444138
   37	      1.16492452    0.01442959
   38	      1.17536292    0.01441784
   39	      1.18580096    0.01440616
   40	      1.19623862    0.01439452
   41	      1.20667589    0.01438293
   42	      1.21711276    0.01437140
   43	      1.22754923    0.01435992
   44	      1.23798528    0.01434850
   45	      1.24842091    0.01433712
   46	      1.25885610    0.01432580
   47	      1.26929085    0.01431454
   48	      1.27972515    0.01430332
   49	      1.29015898    0.01429216
   50	      1.30059235    0.01428106
   51	      1.31102523    0.01427000
   52	      1.32145763    0.01425900
   53	      1.33188953    0.01424806
   54	      1.34232093    0.01423717
   55	      1.35275181    0.01422633
   56	      1.36318216    0.01421554
   57	      1.37361199    0.01420482
   58	      1.38404127    0.01419414
   59	      1.39447001    0.01418352
   60	      1.40489819    0.01417295
   61	      1.41532580    0.01416244
   62	      1.42575284    0.01415198
   63	      1.43617929    0.01414158
   64	      1.44660516    0.01413123
   65	      1.45703042    0.01412093
   66	      1.46745508    0.01411070
   67	      1.47787913    0.01410051
   68	      1.48830255    0.01409038
   69	      1.49872534    0.01408031
   70	      1.50914749    0.01407029
   71	      1.51956899    0.01406033
   72	      1.52998984    0.01405042
   73	      1.54041003    0.01404056
   74	      1.55082955    0.01403076
   75	      1.56124838    0.01402102
   76	      1.57166653    0.01401133
   77	      1.58208399    0.01400170
   78	      1.59250075    0.01399213
   79	      1.60291680    0.01398260
   80	      1.61333213    0.01397314
   81	      1.62374673    0.01396373
   82	      1.63416061    0.01395438
   83	      1.64457374    0.01394508
   84	      1.65498613    0.01393584
   85	      1.66539777    0.01392665
   86	      1.67580865    0.01391752
   87	      1.68621875    0.01390845
   88	      1.69662809    0.01389943
   89	      1.70703664    0.01389047
   90	      1.71744440    0.01388156
   91	      1.72785136    0.01387271
   92	      1.73825752    0.01386392
   93	      1.74866287    0.01385518
   94	      1.75906740    0.01384650
   95	      1.76947111    0.01383788
   96	      1.77987398    0.01382931
   97	      1.79027602    0.01382080
   98	      1.80067721    0.01381234
   99	      1.81107755    0.01380395
  100	      1.82147703    0.01379560
  101	      1.83187564    0.01378732
  102	      1.84227338    0.01377909
  103	      1.85267024    0.01377092
  104	      1.86306621    0.01376280
  105	      1.87346129    0.01375474
  106	      1.88385547    0.01374674
  107	      1.89424875    0.01373879
  108	      1.90464111    0.01373090
  109	      1.91503256    0.01372307
  110	      1.92542307    0.01371529
  111	      1.93581266    0.01370758
  112	      1.94620131    0.01369991
  113	      1.95658901    0.01369231
  114	      1.96697576    0.01368476
  115	      1.97736156    0.01367727
  116	      1.98774638    0.01366983
  117	      1.99813024    0.01366245
  118	      2.00851313    0.01365513
  119	      2.01889503    0.01364787
  120	      2.02927594    0.01364066
  121	      2.03965585    0.01363351
  122	      2.05003476    0.01362642
  123	      2.06041267    0.01361938
  124	      2.07078956    0.01361240
  125	      2.08116543    0.01360548
  126	      2.09154027    0.01359861
  127	      2.10191408    0.01359180
  128	      2.11228686    0.01358505
  129	      2.12265859    0.01357835
  130	      2.13302926    0.01357171
  131	      2.14339888    0.01356513
  132	      2.15376744    0.01355861
  133	      2.16413493    0.01355214
  134	      2.17450135    0.01354573
  135	      2.18486668    0.01353937
  136	      2.19523093    0.01353308
  137	      2.20559409    0.01352684
  138	      2.21595615    0.01352065
  139	      2.22631710    0.01351453
  140	      2.23667694    0.01350846
  141	      2.24703567    0.01350244
  142	      2.25739328    0.01349649
  143	      2.26774976    0.01349059
  144	      2.27810511    0.01348475
  145	      2.28845932    0.01347896
  146	      2.29881238    0.01347323
  147	      2.30916430    0.01346756
  148	      2.31951505    0.01346195
  149	      2.32986465    0.01345639
  150	      2.34021308    0.01345089
  151	      2.35056034    0.01344544
  152	      2.36090641    0.01344006
  153	      2.37125131    0.01343472
  154	      2.38159501    0.01342945
  155	      2.39193752    0.01342423
  156	      2.40227882    0.01341907
  157	      2.41261892    0.01341397
  158	      2.42295781    0.01340892
  159	      2.43329547    0.01340393
  160	      2.44363192    0.01339899
  161	      2.45396714    0.01339411
  162	      2.46430112    0.01338929
  163	      2.47463386    0.01338453
  164	      2.48496535    0.01337982
  165	      2.49529560    0.01337516
  166	      2.50562459    0.01337057
  167	      2.51595231    0.01336603
  168	      2.52627877    0.01336155
  169	      2.53660395    0.01335712
  170	      2.54692786    0.01335275
  171	      2.55725048    0.01334843
  172	      2.56757181    0.01334418
  173	      2.57789185    0.01333997
  174	      2.58821059    0.01333583
  175	      2.59852802    0.01333174
  176	      2.60884414    0.01332771
  177	      2.61915895    0.01332373
  178	      2.62947243    0.01331981
  179	      2.63978458    0.01331594
  180	      2.65009541    0.01331213
  181	      2.66040489    0.01330838
  182	      2.67071303    0.01330468
  183	      2.68101982    0.01330104
  184	      2.69132526    0.01329745
  185	      2.70162934    0.01329392
  186	      2.71193205    0.01329045
  187	      2.72223339    0.01328703
  188	      2.73253336    0.01328367
  189	      2.74283194    0.01328036
  190	      2.75312914    0.01327711
  191	      2.76342495    0.01327391
  192	      2.77371936    0.01327077
  193	      2.78401237    0.01326769
  194	      2.79430397    0.01326466
  195	      2.80459416    0.01326168
  196	      2.81488293    0.01325876
  197	      2.82517027    0.01325590
  198	      2.83545619    0.01325309
  199	      2.84574067    0.01325034
  200	      2.85602372    0.01324764
  201	      2.86630532    0.01324500
  202	      2.87658546    0.01324241
  203	      2.88686416    0.01323988
  204	      2.89714139    0.01323740
  205	      2.90741716    0.01323497
  206	      2.91769145    0.01323261
  207	      2.92796427    0.01323029
  208	      2.93823561    0.01322803
  209	      2.94850546    0.01322583
  210	      2.95877382    0.01322368
  211	      2.96904068    0.01322159
  212	      2.97930604    0.01321955
  213	      2.98956989    0.01321756
  214	      2.99983222    0.01321563
  215	      3.01009304    0.01321375
  216	      3.02035233    0.01321193
  217	      3.03061010    0.01321016
  218	      3.04086633    0.01320845
  219	      3.05112102    0.01320679
  220	      3.06137416    0.01320518
  221	      3.07162576    0.01320363
  222	      3.08187580    0.01320213
  223	      3.09212427    0.01320069
  224	      3.10237119    0.01319930
  225	      3.11261653    0.01319796
  226	      3.12286029    0.01319668
  227	      3.13310247    0.01319545
  228	      3.14334306    0.01319427
  229	      3.15358206    0.01319315
  230	      3.16381947    0.01319209
  231	      3.17405527    0.01319107
  232	      3.18428946    0.01319011
  233	      3.19452204    0.01318920
  234	      3.20475299    0.01318835
  235	      3.21498233    0.01318755
  236	      3.22521003    0.01318680
  237	      3.23543610    0.01318610
  238	      3.24566053    0.01318546
  239	      3.25588332    0.01318487
  240	      3.26610445    0.01318434
  241	      3.27632393    0.01318385
  242	      3.28654174    0.01318342
  243	      3.29675789    0.01318305
  244	      3.30697237    0.01318272
  245	      3.31718517    0.01318245
  246	      3.32739629    0.01318223
  247	      3.33760572    0.01318206
  248	      3.34781345    0.01318195
  249	      3.35801949    0.01318188
  250	      3.36822382    0.01318187
  251	      3.37842645    0.01318192
  252	      3.38862736    0.01318201
  253	      3.39882655    0.01318215
  254	      3.40902401    0.01318235
  255	      3.41921975    0.01318260
  256	      3.42941374    0.01318290
  257	      3.43960600    0.01318326
  258	      3.44979651    0.01318366
  259	      3.45998527    0.01318412
  260	      3.47017227    0.01318463
  261	      3.48035751    0.01318519
  262	      3.49054098    0.01318580
  263	      3.50072268    0.01318646
  264	      3.51090260    0.01318717
  265	      3.52108074    0.01318794
  266	      3.53125708    0.01318875
  267	      3.54143163    0.01318962
  268	      3.55160438    0.01319054
  269	      3.56177533    0.01319151
  270	      3.57194446    0.01319253
  271	      3.58211178    0.01319360
  272	      3.59227728    0.01319472
  273	      3.60244094    0.01319589
  274	      3.61260278    0.01319711
  275	      3.62276278    0.01319839
  276	      3.63292094    0.01319971
  277	      3.64307724    0.01320108
  278	      3.65323170    0.01320251
  279	      3.66338429    0.01320398
  280	      3.67353502    0.01320551
  281	      3.68368388    0.01320708
  282	      3.69383087    0.01320870
  283	      3.70397597    0.01321038
  284	      3.71411919    0.01321210
  285	      3.72426051    0.01321387
  286	      3.73439994    0.01321570
  287	      3.74453746    0.01321757
  288	      3.75467308    0.01321949
  289	      3.76480679    0.01322146
  290	      3.77493857    0.01322348
  291	      3.78506843    0.01322555
  292	      3.79519636    0.01322767
  293	      3.80532236    0.01322984
  294	      3.81544642    0.01323206
  295	      3.82556853    0.01323432
  296	      3.83568868    0.01323664
  297	      3.84580689    0.01323900
  298	      3.85592313    0.01324141
  299	      3.86603740    0.01324387
  300	      3.87614970    0.01324638
  301	      3.88626002    0.01324894
  302	      3.89636836    0.01325155
  303	      3.90647471    0.01325420
  304	      3.91657906    0.01325690
  305	      3.92668141    0.01325965
  306	      3.93678176    0.01326245
  307	      3.94688010    0.01326530
  308	      3.95697642    0.01326819
  309	      3.96707071    0.01327114
  310	      3.97716299    0.01327413
  311	      3.98725322    0.01327716
  312	      3.99734142    0.01328025
  313	      4.00742758    0.01328338
  314	      4.01751169    0.01328656
  315	      4.02759374    0.01328979
  316	      4.03767373    0.01329306
  317	      4.04775166    0.01329638
  318	      4.05782752    0.01329975
  319	      4.06790130    0.01330317
  320	      4.07797300    0.01330663
  321	      4.08804261    0.01331014
  322	      4.09811013    0.01331370
  323	      4.10817555    0.01331730
  324	      4.11823887    0.01332095
  325	      4.12830008    0.01332465
  326	      4.13835918    0.01332839
  327	      4.14841615    0.01333218
  328	      4.15847101    0.01333601
  329	      4.16852373    0.01333989
  330	      4.17857431    0.01334382
  331	      4.18862276    0.01334779
  332	      4.19866906    0.01335181
  333	      4.20871320    0.01335588
  334	      4.21875519    0.01335999
  335	      4.22879502    0.01336414
  336	      4.23883268    0.01336834
  337	      4.24886816    0.01337259
  338	      4.25890147    0.01337688
  339	      4.26893259    0.01338122
  340	      4.27896152    0.01338561
  341	      4.28898826    0.01339003
  342	      4.29901280    0.01339451
  343	      4.30903513    0.01339903
  344	      4.31905525    0.01340359
  345	      4.32907315    0.01340820
  346	      4.33908884    0.01341285
  347	      4.34910229    0.01341755
  348	      4.35911352    0.01342229
  349	      4.36912250    0.01342708
  350	      4.37912925    0.01343191
  351	      4.38913374    0.01343678
  352	      4.39913599    0.01344170
  353	      4.40913597    0.01344667
  354	      4.41913369    0.01345167
  355	      4.42912914    0.01345673
  356	      4.43912232    0.01346182
  357	      4.44911321    0.01346696
  358	      4.45910183    0.01347214
  359	      4.46908815    0.01347737
  360	      4.47907218    0.01348264
  361	      4.48905390    0.01348796
  362	      4.49903332    0.01349331
  363	      4.50901043    0.01349872
  364	      4.51898522    0.01350416
  365	      4.52895770    0.01350965
  366	      4.53892784    0.01351518
  367	      4.54889565    0.01352075
  368	      4.55886113    0.01352637
  369	      4.56882427    0.01353203
  370	      4.57878506    0.01353773
  371	      4.58874349    0.01354348
  372	      4.59869957    0.01354926
  373	      4.60865329    0.01355509
  374	      4.61860464    0.01356097
  375	      4.62855362    0.01356688
  376	      4.63850022    0.01357284
  377	      4.64844443    0.01357884
  378	      4.65838626    0.01358488
  379	      4.66832570    0.01359096
  380	      4.67826274    0.01359709
  381	      4.68819738    0.01360326
  382	      4.69812961    0.01360947
  383	      4.70805943    0.01361572
  384	      4.71798684    0.01362201
  385	      4.72791182    0.01362835
  386	      4.73783437    0.01363473
  387	      4.74775449    0.01364114
  388	      4.75767218    0.01364760
  389	      4.76758742    0.01365410
  390	      4.77750022    0.01366065
  391	      4.78741057    0.01366723
  392	      4.79731846    0.01367385
  393	      4.80722389    0.01368052
  394	      4.81712685    0.01368723
  395	      4.82702735    0.01369397
  396	      4.83692537    0.01370076
  397	      4.84682091    0.01370759
  398	      4.85671397    0.01371446
  399	      4.86660454    0.01372137
  400	      4.87649262    0.01372832
  401	      4.88637820    0.01373531
  402	      4.89626127    0.01374234
  403	      4.90614184    0.01374942
  404	      4.91601990    0.01375653
  405	      4.92589544    0.01376368
  406	      4.93576846    0.01377087
  407	      4.94563896    0.01377811
  408	      4.95550693    0.01378538
  409	      4.96537236    0.01379269
  410	      4.97523526    0.01380004
  411	      4.98509561    0.01380744
  412	      4.99495342    0.01381487
  413	      5.00480868    0.01382234
  414	      5.01466138    0.01382985
  415	      5.02451152    0.01383740
  416	      5.03435910    0.01384499
  417	      5.04420411    0.01385262
  418	      5.05404655    0.01386029
  419	      5.06388641    0.01386800
  420	      5.07372369    0.01387575
  421	      5.08355839    0.01388353
  422	      5.09339050    0.01389136
  423	      5.10322002    0.01389923
  424	      5.11304694    0.01390713
  425	      5.12287126    0.01391507
  426	      5.13269297    0.01392490
