0        5.13269297    0.01392490
1        5.12287126    0.01391507
2        5.11304694    0.01390713
3        5.10322002    0.01389923
4        5.09339050    0.01389136
5        5.08355839    0.01388353
6        5.07372369    0.01387575
7        5.06388641    0.01386800
8        5.05404655    0.01386029
9        5.04420411    0.01385262
10       5.03435910    0.01384499
11       5.02451152    0.01383740
12       5.01466138    0.01382985
13       5.00480868    0.01382234
14       4.99495342    0.01381487
15       4.98509561    0.01380744
16       4.97523526    0.01380004
17       4.96537236    0.01379269
18       4.95550693    0.01378538
19       4.94563896    0.01377811
20       4.93576846    0.01377087
21       4.92589544    0.01376368
22       4.91601990    0.01375653
23       4.90614184    0.01374942
24       4.89626127    0.01374234
25       4.88637820    0.01373531
26       4.87649262    0.01372832
27       4.86660454    0.01372137
28       4.85671397    0.01371446
29       4.84682091    0.01370759
30       4.83692537    0.01370076
31       4.82702735    0.01369397
32       4.81712685    0.01368723
33       4.80722389    0.01368052
34       4.79731846    0.01367385
35       4.78741057    0.01366723
36       4.77750022    0.01366065
37       4.76758742    0.01365410
38       4.75767218    0.01364760
39       4.74775449    0.01364114
40       4.73783437    0.01363473
41       4.72791182    0.01362835
42       4.71798684    0.01362201
43       4.70805943    0.01361572
44       4.69812961    0.01360947
45       4.68819738    0.01360326
46       4.67826274    0.01359709
47       4.66832570    0.01359096
48       4.65838626    0.01358488
49       4.64844443    0.01357884
50       4.63850022    0.01357284
51       4.62855362    0.01356688
52       4.61860464    0.01356097
53       4.60865329    0.01355509
54       4.59869957    0.01354926
55       4.58874349    0.01354348
56       4.57878506    0.01353773
57       4.56882427    0.01353203
58       4.55886113    0.01352637
59       4.54889565    0.01352075
60       4.53892784    0.01351518
61       4.52895770    0.01350965
62       4.51898522    0.01350416
63       4.50901043    0.01349872
64       4.49903332    0.01349331
65       4.48905390    0.01348796
66       4.47907218    0.01348264
67       4.46908815    0.01347737
68       4.45910183    0.01347214
69       4.44911321    0.01346696
70       4.43912232    0.01346182
71       4.42912914    0.01345673
72       4.41913369    0.01345167
73       4.40913597    0.01344667
74       4.39913599    0.01344170
75       4.38913374    0.01343678
76       4.37912925    0.01343191
77       4.36912250    0.01342708
78       4.35911352    0.01342229
79       4.34910229    0.01341755
80       4.33908884    0.01341285
81       4.32907315    0.01340820
82       4.31905525    0.01340359
83       4.30903513    0.01339903
84       4.29901280    0.01339451
85       4.28898826    0.01339003
86       4.27896152    0.01338561
87       4.26893259    0.01338122
88       4.25890147    0.01337688
89       4.24886816    0.01337259
90       4.23883268    0.01336834
91       4.22879502    0.01336414
92       4.21875519    0.01335999
93       4.20871320    0.01335588
94       4.19866906    0.01335181
95       4.18862276    0.01334779
96       4.17857431    0.01334382
97       4.16852373    0.01333989
98       4.15847101    0.01333601
99       4.14841615    0.01333218
100      4.13835918    0.01332839
101      4.12830008    0.01332465
102      4.11823887    0.01332095
103      4.10817555    0.01331730
104      4.09811013    0.01331370
105      4.08804261    0.01331014
106      4.07797300    0.01330663
107      4.06790130    0.01330317
108      4.05782752    0.01329975
109      4.04775166    0.01329638
110      4.03767373    0.01329306
111      4.02759374    0.01328979
112      4.01751169    0.01328656
113      4.00742758    0.01328338
114      3.99734142    0.01328025
115      3.98725322    0.01327716
116      3.97716299    0.01327413
117      3.96707071    0.01327114
118      3.95697642    0.01326819
119      3.94688010    0.01326530
120      3.93678176    0.01326245
121      3.92668141    0.01325965
122      3.91657906    0.01325690
123      3.90647471    0.01325420
124      3.89636836    0.01325155
125      3.88626002    0.01324894
126      3.87614970    0.01324638
127      3.86603740    0.01324387
128      3.85592313    0.01324141
129      3.84580689    0.01323900
130      3.83568868    0.01323664
131      3.82556853    0.01323432
132      3.81544642    0.01323206
133      3.80532236    0.01322984
134      3.79519636    0.01322767
135      3.78506843    0.01322555
136      3.77493857    0.01322348
137      3.76480679    0.01322146
138      3.75467308    0.01321949
139      3.74453746    0.01321757
140      3.73439994    0.01321570
141      3.72426051    0.01321387
142      3.71411919    0.01321210
143      3.70397597    0.01321038
144      3.69383087    0.01320870
145      3.68368388    0.01320708
146      3.67353502    0.01320551
147      3.66338429    0.01320398
148      3.65323170    0.01320251
149      3.64307724    0.01320108
150      3.63292094    0.01319971
151      3.62276278    0.01319839
152      3.61260278    0.01319711
153      3.60244094    0.01319589
154      3.59227728    0.01319472
155      3.58211178    0.01319360
156      3.57194446    0.01319253
157      3.56177533    0.01319151
158      3.55160438    0.01319054
159      3.54143163    0.01318962
160      3.53125708    0.01318875
161      3.52108074    0.01318794
162      3.51090260    0.01318717
163      3.50072268    0.01318646
164      3.49054098    0.01318580
165      3.48035751    0.01318519
166      3.47017227    0.01318463
167      3.45998527    0.01318412
168      3.44979651    0.01318366
169      3.43960600    0.01318326
170      3.42941374    0.01318290
171      3.41921975    0.01318260
172      3.40902401    0.01318235
173      3.39882655    0.01318215
174      3.38862736    0.01318201
175      3.37842645    0.01318192
176      3.36822382    0.01318187
177      3.35801949    0.01318188
178      3.34781345    0.01318195
179      3.33760572    0.01318206
180      3.32739629    0.01318223
181      3.31718517    0.01318245
182      3.30697237    0.01318272
183      3.29675789    0.01318305
184      3.28654174    0.01318342
185      3.27632393    0.01318385
186      3.26610445    0.01318434
187      3.25588332    0.01318487
188      3.24566053    0.01318546
189      3.23543610    0.01318610
190      3.22521003    0.01318680
191      3.21498233    0.01318755
192      3.20475299    0.01318835
193      3.19452204    0.01318920
194      3.18428946    0.01319011
195      3.17405527    0.01319107
196      3.16381947    0.01319209
197      3.15358206    0.01319315
198      3.14334306    0.01319427
199      3.13310247    0.01319545
200      3.12286029    0.01319668
201      3.11261653    0.01319796
202      3.10237119    0.01319930
203      3.09212427    0.01320069
204      3.08187580    0.01320213
205      3.07162576    0.01320363
206      3.06137416    0.01320518
207      3.05112102    0.01320679
208      3.04086633    0.01320845
209      3.03061010    0.01321016
210      3.02035233    0.01321193
211      3.01009304    0.01321375
212      2.99983222    0.01321563
213      2.98956989    0.01321756
214      2.97930604    0.01321955
215      2.96904068    0.01322159
216      2.95877382    0.01322368
217      2.94850546    0.01322583
218      2.93823561    0.01322803
219      2.92796427    0.01323029
220      2.91769145    0.01323261
221      2.90741716    0.01323497
222      2.89714139    0.01323740
223      2.88686416    0.01323988
224      2.87658546    0.01324241
225      2.86630532    0.01324500
226      2.85602372    0.01324764
227      2.84574067    0.01325034
228      2.83545619    0.01325309
229      2.82517027    0.01325590
230      2.81488293    0.01325876
231      2.80459416    0.01326168
232      2.79430397    0.01326466
233      2.78401237    0.01326769
234      2.77371936    0.01327077
235      2.76342495    0.01327391
236      2.75312914    0.01327711
237      2.74283194    0.01328036
238      2.73253336    0.01328367
239      2.72223339    0.01328703
240      2.71193205    0.01329045
241      2.70162934    0.01329392
242      2.69132526    0.01329745
243      2.68101982    0.01330104
244      2.67071303    0.01330468
245      2.66040489    0.01330838
246      2.65009541    0.01331213
247      2.63978458    0.01331594
248      2.62947243    0.01331981
249      2.61915895    0.01332373
250      2.60884414    0.01332771
251      2.59852802    0.01333174
252      2.58821059    0.01333583
253      2.57789185    0.01333997
254      2.56757181    0.01334418
255      2.55725048    0.01334843
256      2.54692786    0.01335275
257      2.53660395    0.01335712
258      2.52627877    0.01336155
259      2.51595231    0.01336603
260      2.50562459    0.01337057
261      2.49529560    0.01337516
262      2.48496535    0.01337982
263      2.47463386    0.01338453
264      2.46430112    0.01338929
265      2.45396714    0.01339411
266      2.44363192    0.01339899
267      2.43329547    0.01340393
268      2.42295781    0.01340892
269      2.41261892    0.01341397
270      2.40227882    0.01341907
271      2.39193752    0.01342423
272      2.38159501    0.01342945
273      2.37125131    0.01343472
274      2.36090641    0.01344006
275      2.35056034    0.01344544
276      2.34021308    0.01345089
277      2.32986465    0.01345639
278      2.31951505    0.01346195
279      2.30916430    0.01346756
280      2.29881238    0.01347323
281      2.28845932    0.01347896
282      2.27810511    0.01348475
283      2.26774976    0.01349059
284      2.25739328    0.01349649
285      2.24703567    0.01350244
286      2.23667694    0.01350846
287      2.22631710    0.01351453
288      2.21595615    0.01352065
289      2.20559409    0.01352684
290      2.19523093    0.01353308
291      2.18486668    0.01353937
292      2.17450135    0.01354573
293      2.16413493    0.01355214
294      2.15376744    0.01355861
295      2.14339888    0.01356513
296      2.13302926    0.01357171
297      2.12265859    0.01357835
298      2.11228686    0.01358505
299      2.10191408    0.01359180
300      2.09154027    0.01359861
301      2.08116543    0.01360548
302      2.07078956    0.01361240
303      2.06041267    0.01361938
304      2.05003476    0.01362642
305      2.03965585    0.01363351
306      2.02927594    0.01364066
307      2.01889503    0.01364787
308      2.00851313    0.01365513
309      1.99813024    0.01366245
310      1.98774638    0.01366983
311      1.97736156    0.01367727
312      1.96697576    0.01368476
313      1.95658901    0.01369231
314      1.94620131    0.01369991
315      1.93581266    0.01370758
316      1.92542307    0.01371529
317      1.91503256    0.01372307
318      1.90464111    0.01373090
319      1.89424875    0.01373879
320      1.88385547    0.01374674
321      1.87346129    0.01375474
322      1.86306621    0.01376280
323      1.85267024    0.01377092
324      1.84227338    0.01377909
325      1.83187564    0.01378732
326      1.82147703    0.01379560
327      1.81107755    0.01380395
328      1.80067721    0.01381234
329      1.79027602    0.01382080
330      1.77987398    0.01382931
331      1.76947111    0.01383788
332      1.75906740    0.01384650
333      1.74866287    0.01385518
334      1.73825752    0.01386392
335      1.72785136    0.01387271
336      1.71744440    0.01388156
337      1.70703664    0.01389047
338      1.69662809    0.01389943
339      1.68621875    0.01390845
340      1.67580865    0.01391752
341      1.66539777    0.01392665
342      1.65498613    0.01393584
343      1.64457374    0.01394508
344      1.63416061    0.01395438
345      1.62374673    0.01396373
346      1.61333213    0.01397314
347      1.60291680    0.01398260
348      1.59250075    0.01399213
349      1.58208399    0.01400170
350      1.57166653    0.01401133
351      1.56124838    0.01402102
352      1.55082955    0.01403076
353      1.54041003    0.01404056
354      1.52998984    0.01405042
355      1.51956899    0.01406033
356      1.50914749    0.01407029
357      1.49872534    0.01408031
358      1.48830255    0.01409038
359      1.47787913    0.01410051
360      1.46745508    0.01411070
361      1.45703042    0.01412093
362      1.44660516    0.01413123
363      1.43617929    0.01414158
364      1.42575284    0.01415198
365      1.41532580    0.01416244
366      1.40489819    0.01417295
367      1.39447001    0.01418352
368      1.38404127    0.01419414
369      1.37361199    0.01420482
370      1.36318216    0.01421554
371      1.35275181    0.01422633
372      1.34232093    0.01423717
373      1.33188953    0.01424806
374      1.32145763    0.01425900
375      1.31102523    0.01427000
376      1.30059235    0.01428106
377      1.29015898    0.01429216
378      1.27972515    0.01430332
379      1.26929085    0.01431454
380      1.25885610    0.01432580
381      1.24842091    0.01433712
382      1.23798528    0.01434850
383      1.22754923    0.01435992
384      1.21711276    0.01437140
385      1.20667589    0.01438293
386      1.19623862    0.01439452
387      1.18580096    0.01440616
388      1.17536292    0.01441784
389      1.16492452    0.01442959
390      1.15448576    0.01444138
391      1.14404664    0.01445323
392      1.13360719    0.01446513
393      1.12316741    0.01447708
394      1.11272731    0.01448908
395      1.10228690    0.01450113
396      1.09184619    0.01451324
397      1.08140519    0.01452539
398      1.07096391    0.01453760
399      1.06052237    0.01454986
400      1.05008056    0.01456217
401      1.03963850    0.01457453
402      1.02919621    0.01458694
403      1.01875369    0.01459940
404      1.00831095    0.01461191
405      0.99786801    0.01462447
406      0.98742487    0.01463709
407      0.97698155    0.01464975
408      0.96653805    0.01466246
409      0.95609439    0.01467522
410      0.94565058    0.01468804
411      0.93520663    0.01470090
412      0.92476255    0.01471381
413      0.91431835    0.01472677
414      0.90387404    0.01473977
415      0.89342964    0.01475283
416      0.88298515    0.01476594
417      0.87254059    0.01477909
418      0.86209597    0.01479229
419      0.85165130    0.01480554
420      0.84120659    0.01481884
421      0.83076185    0.01483219
422      0.82031711    0.01484558
423      0.80987236    0.01485902
424      0.79942762    0.01487251
425      0.78898290    0.01488605
