      0.78898290    0.01488605
      0.79942762    0.01487251
      0.80987236    0.01485902
      0.82031711    0.01484558
      0.83076185    0.01483219
      0.84120659    0.01481884
      0.85165130    0.01480554
      0.86209597    0.01479229
      0.87254059    0.01477909
      0.88298515    0.01476594
      0.89342964    0.01475283
      0.90387404    0.01473977
      0.91431835    0.01472677
      0.92476255    0.01471381
      0.93520663    0.01470090
      0.94565058    0.01468804
      0.95609439    0.01467522
      0.96653805    0.01466246
      0.97698155    0.01464975
      0.98742487    0.01463709
      0.99786801    0.01462447
      1.00831095    0.01461191
      1.01875369    0.01459940
      1.02919621    0.01458694
      1.03963850    0.01457453
      1.05008056    0.01456217
      1.06052237    0.01454986
      1.07096391    0.01453760
      1.08140519    0.01452539
      1.09184619    0.01451324
      1.10228690    0.01450113
      1.11272731    0.01448908
      1.12316741    0.01447708
      1.13360719    0.01446513
      1.14404664    0.01445323
      1.15448576    0.01444138
      1.16492452    0.01442959
      1.17536292    0.01441784
      1.18580096    0.01440616
      1.19623862    0.01439452
      1.20667589    0.01438293
      1.21711276    0.01437140
      1.22754923    0.01435992
      1.23798528    0.01434850
      1.24842091    0.01433712
      1.25885610    0.01432580
      1.26929085    0.01431454
      1.27972515    0.01430332
      1.29015898    0.01429216
      1.30059235    0.01428106
      1.31102523    0.01427000
      1.32145763    0.01425900
      1.33188953    0.01424806
      1.34232093    0.01423717
      1.35275181    0.01422633
      1.36318216    0.01421554
      1.37361199    0.01420482
      1.38404127    0.01419414
      1.39447001    0.01418352
      1.40489819    0.01417295
      1.41532580    0.01416244
      1.42575284    0.01415198
      1.43617929    0.01414158
      1.44660516    0.01413123
      1.45703042    0.01412093
      1.46745508    0.01411070
      1.47787913    0.01410051
      1.48830255    0.01409038
      1.49872534    0.01408031
      1.50914749    0.01407029
      1.51956899    0.01406033
      1.52998984    0.01405042
      1.54041003    0.01404056
      1.55082955    0.01403076
      1.56124838    0.01402102
      1.57166653    0.01401133
      1.58208399    0.01400170
      1.59250075    0.01399213
      1.60291680    0.01398260
      1.61333213    0.01397314
      1.62374673    0.01396373
      1.63416061    0.01395438
      1.64457374    0.01394508
      1.65498613    0.01393584
      1.66539777    0.01392665
      1.67580865    0.01391752
      1.68621875    0.01390845
      1.69662809    0.01389943
      1.70703664    0.01389047
      1.71744440    0.01388156
      1.72785136    0.01387271
      1.73825752    0.01386392
      1.74866287    0.01385518
      1.75906740    0.01384650
      1.76947111    0.01383788
      1.77987398    0.01382931
      1.79027602    0.01382080
      1.80067721    0.01381234
      1.81107755    0.01380395
      1.82147703    0.01379560
      1.83187564    0.01378732
      1.84227338    0.01377909
      1.85267024    0.01377092
      1.86306621    0.01376280
      1.87346129    0.01375474
      1.88385547    0.01374674
      1.89424875    0.01373879
      1.90464111    0.01373090
      1.91503256    0.01372307
      1.92542307    0.01371529
      1.93581266    0.01370758
      1.94620131    0.01369991
      1.95658901    0.01369231
      1.96697576    0.01368476
      1.97736156    0.01367727
      1.98774638    0.01366983
      1.99813024    0.01366245
      2.00851313    0.01365513
      2.01889503    0.01364787
      2.02927594    0.01364066
      2.03965585    0.01363351
      2.05003476    0.01362642
      2.06041267    0.01361938
      2.07078956    0.01361240
      2.08116543    0.01360548
      2.09154027    0.01359861
      2.10191408    0.01359180
      2.11228686    0.01358505
      2.12265859    0.01357835
      2.13302926    0.01357171
      2.14339888    0.01356513
      2.15376744    0.01355861
      2.16413493    0.01355214
      2.17450135    0.01354573
      2.18486668    0.01353937
      2.19523093    0.01353308
      2.20559409    0.01352684
      2.21595615    0.01352065
      2.22631710    0.01351453
      2.23667694    0.01350846
      2.24703567    0.01350244
      2.25739328    0.01349649
      2.26774976    0.01349059
      2.27810511    0.01348475
      2.28845932    0.01347896
      2.29881238    0.01347323
      2.30916430    0.01346756
      2.31951505    0.01346195
      2.32986465    0.01345639
      2.34021308    0.01345089
      2.35056034    0.01344544
      2.36090641    0.01344006
      2.37125131    0.01343472
      2.38159501    0.01342945
      2.39193752    0.01342423
      2.40227882    0.01341907
      2.41261892    0.01341397
      2.42295781    0.01340892
      2.43329547    0.01340393
      2.44363192    0.01339899
      2.45396714    0.01339411
      2.46430112    0.01338929
      2.47463386    0.01338453
      2.48496535    0.01337982
      2.49529560    0.01337516
      2.50562459    0.01337057
      2.51595231    0.01336603
      2.52627877    0.01336155
      2.53660395    0.01335712
      2.54692786    0.01335275
      2.55725048    0.01334843
      2.56757181    0.01334418
      2.57789185    0.01333997
      2.58821059    0.01333583
      2.59852802    0.01333174
      2.60884414    0.01332771
      2.61915895    0.01332373
      2.62947243    0.01331981
      2.63978458    0.01331594
      2.65009541    0.01331213
      2.66040489    0.01330838
      2.67071303    0.01330468
      2.68101982    0.01330104
      2.69132526    0.01329745
      2.70162934    0.01329392
      2.71193205    0.01329045
      2.72223339    0.01328703
      2.73253336    0.01328367
      2.74283194    0.01328036
      2.75312914    0.01327711
      2.76342495    0.01327391
      2.77371936    0.01327077
      2.78401237    0.01326769
      2.79430397    0.01326466
      2.80459416    0.01326168
      2.81488293    0.01325876
      2.82517027    0.01325590
      2.83545619    0.01325309
      2.84574067    0.01325034
      2.85602372    0.01324764
      2.86630532    0.01324500
      2.87658546    0.01324241
      2.88686416    0.01323988
      2.89714139    0.01323740
      2.90741716    0.01323497
      2.91769145    0.01323261
      2.92796427    0.01323029
      2.93823561    0.01322803
      2.94850546    0.01322583
      2.95877382    0.01322368
      2.96904068    0.01322159
      2.97930604    0.01321955
      2.98956989    0.01321756
      2.99983222    0.01321563
      3.01009304    0.01321375
      3.02035233    0.01321193
      3.03061010    0.01321016
      3.04086633    0.01320845
      3.05112102    0.01320679
      3.06137416    0.01320518
      3.07162576    0.01320363
      3.08187580    0.01320213
      3.09212427    0.01320069
      3.10237119    0.01319930
      3.11261653    0.01319796
      3.12286029    0.01319668
      3.13310247    0.01319545
      3.14334306    0.01319427
      3.15358206    0.01319315
      3.16381947    0.01319209
      3.17405527    0.01319107
      3.18428946    0.01319011
      3.19452204    0.01318920
      3.20475299    0.01318835
      3.21498233    0.01318755
      3.22521003    0.01318680
      3.23543610    0.01318610
      3.24566053    0.01318546
      3.25588332    0.01318487
      3.26610445    0.01318434
      3.27632393    0.01318385
      3.28654174    0.01318342
      3.29675789    0.01318305
      3.30697237    0.01318272
      3.31718517    0.01318245
      3.32739629    0.01318223
      3.33760572    0.01318206
      3.34781345    0.01318195
      3.35801949    0.01318188
      3.36822382    0.01318187
      3.37842645    0.01318192
      3.38862736    0.01318201
      3.39882655    0.01318215
      3.40902401    0.01318235
      3.41921975    0.01318260
      3.42941374    0.01318290
      3.43960600    0.01318326
      3.44979651    0.01318366
      3.45998527    0.01318412
      3.47017227    0.01318463
      3.48035751    0.01318519
      3.49054098    0.01318580
      3.50072268    0.01318646
      3.51090260    0.01318717
      3.52108074    0.01318794
      3.53125708    0.01318875
      3.54143163    0.01318962
      3.55160438    0.01319054
      3.56177533    0.01319151
      3.57194446    0.01319253
      3.58211178    0.01319360
      3.59227728    0.01319472
      3.60244094    0.01319589
      3.61260278    0.01319711
      3.62276278    0.01319839
      3.63292094    0.01319971
      3.64307724    0.01320108
      3.65323170    0.01320251
      3.66338429    0.01320398
      3.67353502    0.01320551
      3.68368388    0.01320708
      3.69383087    0.01320870
      3.70397597    0.01321038
      3.71411919    0.01321210
      3.72426051    0.01321387
      3.73439994    0.01321570
      3.74453746    0.01321757
      3.75467308    0.01321949
      3.76480679    0.01322146
      3.77493857    0.01322348
      3.78506843    0.01322555
      3.79519636    0.01322767
      3.80532236    0.01322984
      3.81544642    0.01323206
      3.82556853    0.01323432
      3.83568868    0.01323664
      3.84580689    0.01323900
      3.85592313    0.01324141
      3.86603740    0.01324387
      3.87614970    0.01324638
      3.88626002    0.01324894
      3.89636836    0.01325155
      3.90647471    0.01325420
      3.91657906    0.01325690
      3.92668141    0.01325965
      3.93678176    0.01326245
      3.94688010    0.01326530
      3.95697642    0.01326819
      3.96707071    0.01327114
      3.97716299    0.01327413
      3.98725322    0.01327716
      3.99734142    0.01328025
      4.00742758    0.01328338
      4.01751169    0.01328656
      4.02759374    0.01328979
      4.03767373    0.01329306
      4.04775166    0.01329638
      4.05782752    0.01329975
      4.06790130    0.01330317
      4.07797300    0.01330663
      4.08804261    0.01331014
      4.09811013    0.01331370
      4.10817555    0.01331730
      4.11823887    0.01332095
      4.12830008    0.01332465
      4.13835918    0.01332839
      4.14841615    0.01333218
      4.15847101    0.01333601
      4.16852373    0.01333989
      4.17857431    0.01334382
      4.18862276    0.01334779
      4.19866906    0.01335181
      4.20871320    0.01335588
      4.21875519    0.01335999
      4.22879502    0.01336414
      4.23883268    0.01336834
      4.24886816    0.01337259
      4.25890147    0.01337688
      4.26893259    0.01338122
      4.27896152    0.01338561
      4.28898826    0.01339003
      4.29901280    0.01339451
      4.30903513    0.01339903
      4.31905525    0.01340359
      4.32907315    0.01340820
      4.33908884    0.01341285
      4.34910229    0.01341755
      4.35911352    0.01342229
      4.36912250    0.01342708
      4.37912925    0.01343191
      4.38913374    0.01343678
      4.39913599    0.01344170
      4.40913597    0.01344667
      4.41913369    0.01345167
      4.42912914    0.01345673
      4.43912232    0.01346182
      4.44911321    0.01346696
      4.45910183    0.01347214
      4.46908815    0.01347737
      4.47907218    0.01348264
      4.48905390    0.01348796
      4.49903332    0.01349331
      4.50901043    0.01349872
      4.51898522    0.01350416
      4.52895770    0.01350965
      4.53892784    0.01351518
      4.54889565    0.01352075
      4.55886113    0.01352637
      4.56882427    0.01353203
      4.57878506    0.01353773
      4.58874349    0.01354348
      4.59869957    0.01354926
      4.60865329    0.01355509
      4.61860464    0.01356097
      4.62855362    0.01356688
      4.63850022    0.01357284
      4.64844443    0.01357884
      4.65838626    0.01358488
      4.66832570    0.01359096
      4.67826274    0.01359709
      4.68819738    0.01360326
      4.69812961    0.01360947
      4.70805943    0.01361572
      4.71798684    0.01362201
      4.72791182    0.01362835
      4.73783437    0.01363473
      4.74775449    0.01364114
      4.75767218    0.01364760
      4.76758742    0.01365410
      4.77750022    0.01366065
      4.78741057    0.01366723
      4.79731846    0.01367385
      4.80722389    0.01368052
      4.81712685    0.01368723
      4.82702735    0.01369397
      4.83692537    0.01370076
      4.84682091    0.01370759
      4.85671397    0.01371446
      4.86660454    0.01372137
      4.87649262    0.01372832
      4.88637820    0.01373531
      4.89626127    0.01374234
      4.90614184    0.01374942
      4.91601990    0.01375653
      4.92589544    0.01376368
      4.93576846    0.01377087
      4.94563896    0.01377811
      4.95550693    0.01378538
      4.96537236    0.01379269
      4.97523526    0.01380004
      4.98509561    0.01380744
      4.99495342    0.01381487
      5.00480868    0.01382234
      5.01466138    0.01382985
      5.02451152    0.01383740
      5.03435910    0.01384499
      5.04420411    0.01385262
      5.05404655    0.01386029
      5.06388641    0.01386800
      5.07372369    0.01387575
      5.08355839    0.01388353
      5.09339050    0.01389136
      5.10322002    0.01389923
      5.11304694    0.01390713
      5.12287126    0.01391507
      5.13269297    0.01392490
